image_width: 1280
image_height: 720
camera_name: head_camera
camera_matrix:
  rows: 3
  cols: 3
  data: [1024.772594971207, 0, 650.9590722464915, 0, 1041.325264626923, 462.8628986066723, 0, 0, 1]
distortion_model: plumb_bob
distortion_coefficients:
  rows: 1
  cols: 5
  data: [0.07738060345021724, -0.01430559484770794, 0.005167888920775683, 0.0007266024533708691, 0]
rectification_matrix:
  rows: 3
  cols: 3
  data: [1, 0, 0, 0, 1, 0, 0, 0, 1]
projection_matrix:
  rows: 3
  cols: 4
  data: [1058.646362304688, 0, 650.9058600975986, 0, 0, 1073.81884765625, 464.5264718913095, 0, 0, 0, 1, 0]