image_width: 640
image_height: 480
camera_name: left_cam
camera_matrix:
  rows: 3
  cols: 3
  data: [765.36332180618, 0, 340.5873858748488, 0, 767.1600811323841, 237.707160324844, 0, 0, 1]
distortion_model: plumb_bob
distortion_coefficients:
  rows: 1
  cols: 5
  data: [0.04299438781045806, -0.109310576786189, -0.006426597099676968, 0.005098399187415572, 0]
rectification_matrix:
  rows: 3
  cols: 3
  data: [0.9983014080798864, -0.01401891037110014, 0.05654881765097251, 0.01364404062248647, 0.9998823444956938, 0.007009801800805558, -0.05664043415447854, -0.006226340642921675, 0.9983752270068557]
projection_matrix:
  rows: 3
  cols: 4
  data: [864.0713604482089, 0, 271.8387413024902, 0, 0, 864.0713604482089, 235.4578533172607, 0, 0, 0, 1, 0]