image_width: 640
image_height: 480
camera_name: left_cam
camera_matrix:
  rows: 3
  cols: 3
  data: [805.743271135632, 0, 342.4616143575882, 0, 804.781547242029, 267.5467778818721, 0, 0, 1]
distortion_model: plumb_bob
distortion_coefficients:
  rows: 1
  cols: 5
  data: [0.1150614904464106, -0.2415795193838383, -0.00410151306922197, 0.007973677709230537, 0]
rectification_matrix:
  rows: 3
  cols: 3
  data: [0.9999739391626842, -0.00556662918007553, -0.004597133349796868, 0.00546778364993788, 0.9997594274373973, -0.02124124742111031, 0.004714269553361823, 0.0212155577258503, 0.9997638099936201]
projection_matrix:
  rows: 3
  cols: 4
  data: [896.5445523941797, 0, 329.6181335449219, 0, 0, 896.5445523941797, 283.2029399871826, 0, 0, 0, 1, 0]