image_width: 640
image_height: 480
camera_name: right_cam
camera_matrix:
  rows: 3
  cols: 3
  data: [811.4103593495244, 0, 334.9893383986853, 0, 816.3590180067222, 297.1973230727486, 0, 0, 1]
distortion_model: plumb_bob
distortion_coefficients:
  rows: 1
  cols: 5
  data: [0.08989635883556089, 0.06364488110915227, 0.02019520319018439, 0.004011884395150579, 0]
rectification_matrix:
  rows: 3
  cols: 3
  data: [0.9994818773346451, -0.01719279218220555, 0.0272100124327949, 0.01661121307911183, 0.9996317571695064, 0.02145734508845868, -0.02756890421568663, -0.02099423623722356, 0.9993994184334719]
projection_matrix:
  rows: 3
  cols: 4
  data: [896.5445523941797, 0, 329.6181335449219, 158.5592687614178, 0, 896.5445523941797, 283.2029399871826, 0, 0, 0, 1, 0]