image_width: 640
image_height: 480
camera_name: right_cam
camera_matrix:
  rows: 3
  cols: 3
  data: [785.5378771418566, 0, 310.6638856156846, 0, 788.0631350369906, 237.3899189306779, 0, 0, 1]
distortion_model: plumb_bob
distortion_coefficients:
  rows: 1
  cols: 5
  data: [0.05355013967729123, -0.0710132295463072, -0.004798463763331872, -0.001920507691398763, 0]
rectification_matrix:
  rows: 3
  cols: 3
  data: [0.9978200046703964, -0.007253506261013101, 0.06559439706629973, 0.0076878768375755, 0.9999501453384793, -0.006372078725548942, -0.06554490696690489, 0.006862469269568104, 0.9978260227545802]
projection_matrix:
  rows: 3
  cols: 4
  data: [864.0713604482089, 0, 271.8387413024902, 15693.88379963098, 0, 864.0713604482089, 235.4578533172607, 0, 0, 0, 1, 0]