image_width: 640
image_height: 480
camera_name: left_cam
camera_matrix:
  rows: 3
  cols: 3
  data: [822.9195476874813, 0, 342.9929584431601, 0, 832.0678022390541, 238.2697454241762, 0, 0, 1]
distortion_model: plumb_bob
distortion_coefficients:
  rows: 1
  cols: 5
  data: [0.1030239248760614, 0.05494445772714651, -0.004194057297960923, 0.007900225449318394, 0]
rectification_matrix:
  rows: 3
  cols: 3
  data: [0.9991994077674657, -0.008998865666540394, -0.03898158454785166, 0.009520466188863949, 0.9998673430651949, 0.01321578583718828, 0.03885748628890506, -0.01357632823937637, 0.9991525304330887]
projection_matrix:
  rows: 3
  cols: 4
  data: [881.5103055514719, 0, 373.2028503417969, 0, 0, 881.5103055514719, 225.9309520721436, 0, 0, 0, 1, 0]