image_width: 640
image_height: 480
camera_name: left_cam
camera_matrix:
  rows: 3
  cols: 3
  data: [807.6401680005182, 0, 348.5106265565179, 0, 816.3744680775828, 268.9532432506105, 0, 0, 1]
distortion_model: plumb_bob
distortion_coefficients:
  rows: 1
  cols: 5
  data: [0.1034309987995337, -0.09934467054218897, 0.005781396087906186, 0.01270815082849808, 0]
rectification_matrix:
  rows: 3
  cols: 3
  data: [0.999839591993999, -0.01728775214490418, -0.004682297197951066, 0.01731065001753423, 0.9998381783536283, 0.004894742329119375, 0.004596920408710723, -0.004975010781334274, 0.9999770585320854]
projection_matrix:
  rows: 3
  cols: 4
  data: [870.1896695734192, 0, 345.4360542297363, 0, 0, 870.1896695734192, 260.3978462219238, 0, 0, 0, 1, 0]