image_width: 640
image_height: 480
camera_name: right_cam
camera_matrix:
  rows: 3
  cols: 3
  data: [822.324161923132, 0, 335.9440815662755, 0, 837.2065020719881, 199.7435926780396, 0, 0, 1]
distortion_model: plumb_bob
distortion_coefficients:
  rows: 1
  cols: 5
  data: [0.1997384427921724, -0.1434822151068041, -0.04187112042903903, 0.00277367220055898, 0]
rectification_matrix:
  rows: 3
  cols: 3
  data: [0.9997484779704744, -0.004980331373026499, -0.02186726080548124, 0.00486349501106251, 0.999973631086152, -0.005392916525752161, 0.0218935427009303, 0.005285208774609481, 0.9997463375057752]
projection_matrix:
  rows: 3
  cols: 4
  data: [912.1012518913279, 0, 348.1208953857422, 3014.483180286742, 0, 912.1012518913279, 191.6743297576904, 0, 0, 0, 1, 0]