image_width: 640
image_height: 480
camera_name: right_cam
camera_matrix:
  rows: 3
  cols: 3
  data: [811.2833628977056, 0, 332.3793531082958, 0, 823.3756875954524, 251.2392249095973, 0, 0, 1]
distortion_model: plumb_bob
distortion_coefficients:
  rows: 1
  cols: 5
  data: [0.116682451756102, -0.3156923487388631, -0.003508454416243352, 0.006718257921642838, 0]
rectification_matrix:
  rows: 3
  cols: 3
  data: [0.9999204004591723, -0.01250714202592813, 0.001662571475718478, 0.01251519479078663, 0.9999095541867695, -0.004924768559495297, -0.001600826323270853, 0.004945183956051511, 0.9999864911641175]
projection_matrix:
  rows: 3
  cols: 4
  data: [870.1896695734192, 0, 345.4360542297363, 13321.68894098538, 0, 870.1896695734192, 260.3978462219238, 0, 0, 0, 1, 0]