image_width: 640
image_height: 480
camera_name: right_cam
camera_matrix:
  rows: 3
  cols: 3
  data: [825.225875099883, 0, 346.358355878464, 0, 835.6498200400406, 218.8710720126075, 0, 0, 1]
distortion_model: plumb_bob
distortion_coefficients:
  rows: 1
  cols: 5
  data: [0.1653333118575976, -0.3930991604398153, -0.01473744307408072, 0.00991028101468721, 0]
rectification_matrix:
  rows: 3
  cols: 3
  data: [0.9998950141185184, 0.002259542484038673, -0.01431276383828918, -0.002451117663382522, 0.9999074588054027, -0.01338154877143494, 0.01428120314007428, 0.01341522616599742, 0.9998080210439338]
projection_matrix:
  rows: 3
  cols: 4
  data: [881.5103055514719, 0, 373.2028503417969, 4120.679744447674, 0, 881.5103055514719, 225.9309520721436, 0, 0, 0, 1, 0]